BAO CAO CHI TIET HE THONG DEFLATE

Ten File                       Goc(B)      Nen(B)   Save(%) T.Nen(ms)T.Giai(ms) Speed(MB/s)   RAM(MB)  Ket qua
-------------------------------------------------------------------------------------------------------------------
abnormal_label.txt               2265        1542     31.92         7         1        0.31      6.14  [PASS]
anomaly_labels.txt                243         571   -134.98         0         1        0.00      6.18  [PASS]
container_14450627814...       239767       50592     78.90        22        21       10.39      8.57  [PASS]
container_14450627814...        18652       10125     45.72         3        12        5.93      8.57  [PASS]
container_14450627814...       574291      101024     82.41        55        50        9.96     10.86  [PASS]
container_14450627814...       145323       29433     79.75        13        19       10.66     10.86  [PASS]
container_14450627814...       280471       59501     78.79        39        26        6.86     10.86  [PASS]
container_14450627814...       370322       74917     79.77        43        27        8.21     10.86  [PASS]
container_14450627814...       354185       76292     78.46        45        27        7.51     10.86  [PASS]
container_14450627814...       262144       51952     80.18        31        24        8.06     10.86  [PASS]
container_14450874914...       485614       91138     81.23        41        33       11.30     11.17  [PASS]
container_14450874914...         8089        4814     40.49         2         2        3.86     11.17  [PASS]
container_14450874914...         8089        4620     42.89         2        23        3.86     11.17  [PASS]
container_14450874914...         8090        4842     40.15         1         2        7.72     11.17  [PASS]
container_14450874914...        23645       11275     52.32         4        10        5.64     11.17  [PASS]
container_14450874914...         8089        4707     41.81         2         2        3.86     11.17  [PASS]
container_14450874914...         8088        4820     40.41         2         1        3.86     11.17  [PASS]
container_14450874914...       278223       55813     79.94        24        28       11.06     11.17  [PASS]
container_14450874914...        21453       10152     52.68         5        12        4.09     11.17  [PASS]
container_14450874914...         7722        4687     39.30         2         2        3.68     11.17  [PASS]
container_14450874914...         7722        4631     40.03         3         2        2.45     11.17  [PASS]
container_14450874914...         7723        4778     38.13         3         2        2.46     11.17  [PASS]
container_14450874914...         2294        2358     -2.79         1         1        2.19     11.17  [PASS]
container_14450874914...         1164        1532    -31.62         0         1        0.00     11.17  [PASS]
container_14450874914...         7721        4748     38.51         2         2        3.68     11.17  [PASS]
container_14450874914...        19383        8599     55.64         3        16        6.16     11.17  [PASS]
container_14450874914...       472075      107003     77.33        45        34       10.00     11.17  [PASS]
container_14450874914...         7716        4742     38.54         2         2        3.68     11.17  [PASS]
container_14450874914...         7708        4679     39.30         2         9        3.68     11.17  [PASS]
container_14450874914...         7717        4484     41.89         2         1        3.68     11.17  [PASS]
container_14450874914...         7716        4443     42.42         2         2        3.68     11.17  [PASS]
container_14450874914...         7716        4474     42.02         1        11        7.36     11.17  [PASS]
container_14450874914...        12525        7372     41.14         2         2        5.97     11.17  [PASS]
container_14450874914...         7716        4517     41.46         2         2        3.68     11.17  [PASS]
container_14450874914...         4228        3354     20.67         1         1        4.03     11.17  [PASS]
container_14450874914...         4228        3353     20.70         2         1        2.02     11.17  [PASS]
container_14450874914...         3013        2910      3.42         1         9        2.87     11.17  [PASS]
container_14450874914...         3503        3083     11.99         1         1        3.34     11.17  [PASS]
container_14450874914...         7798        5667     27.33         3         1        2.48     11.17  [PASS]
container_14450874914...         3504        3109     11.27         2         1        1.67     11.17  [PASS]
container_14450874914...         6749        3935     41.70         2        10        3.22     11.17  [PASS]
container_14450874914...         4227        3344     20.89         2         1        2.02     11.17  [PASS]
container_14450874914...         7717        4687     39.26         1         2        7.36     11.17  [PASS]
container_14450874914...         7716        4652     39.71         1         1        7.36     11.17  [PASS]
container_14450874914...         7716        4611     40.24         1         1        7.36     11.17  [PASS]
container_14450874914...         7716        4659     39.62         2         2        3.68     11.17  [PASS]
container_14450874914...         7717        4701     39.08         1         2        7.36     11.17  [PASS]
container_14450874914...        22511       10130     55.00         4        10        5.37     11.17  [PASS]
container_14450874914...         6495        3993     38.52        13         2        0.48     11.17  [PASS]
container_14450874914...         7717        4707     39.00         1         2        7.36     11.17  [PASS]
container_14450874914...         4950        3564     28.00         2         1        2.36     11.17  [PASS]
container_14450874914...         2778        2684      3.38         2         1        1.32     11.17  [PASS]
container_14450874914...         3503        3057     12.73         1         1        3.34     11.17  [PASS]
container_14450874914...         5674        3664     35.42         1         2        5.41     11.17  [PASS]
container_14450874914...       203471       44452     78.15        18        20       10.78     11.17  [PASS]
container_14450874914...         8089        4747     41.32         2         2        3.86     11.17  [PASS]
container_14450874914...         8081        4866     39.78         2         2        3.85     11.17  [PASS]
container_14450874914...         8089        4855     39.98         2         2        3.86     11.17  [PASS]
container_14450874914...         8089        4877     39.71         2         7        3.86     11.17  [PASS]
container_14450874914...         8088        4954     38.75         2         2        3.86     11.17  [PASS]
container_14450874914...         8088        4784     40.85         2         2        3.86     11.17  [PASS]
container_14450874914...         8088        4852     40.01         2         2        3.86     11.17  [PASS]
container_14450874914...         8088        4938     38.95         2         1        3.86     11.17  [PASS]
container_14450874914...         8090        4893     39.52         1        11        7.72     11.17  [PASS]
container_14450874914...         6647        4428     33.38         1         2        6.34     11.17  [PASS]
container_14450874914...        25392       11260     55.66         8        11        3.03     11.17  [PASS]
container_14450874914...        80285       20847     74.03        13        14        5.89     11.17  [PASS]
container_14450874914...        13388        6832     48.97         9         2        1.42     11.17  [PASS]
container_14450874914...       151165       34180     77.39        14        17       10.30     11.17  [PASS]
container_14450874914...         8081        4867     39.77         2         2        3.85     11.17  [PASS]
container_14450874914...         8088        4736     41.44         2         8        3.86     11.17  [PASS]
container_14450874914...         7716        4795     37.86         2         2        3.68     11.17  [PASS]
container_14450874914...         8089        4774     40.98         2         2        3.86     11.17  [PASS]
container_14450874914...         8089        5030     37.82         3         2        2.57     11.17  [PASS]
container_14450874914...         8089        4875     39.73         2         2        3.86     11.17  [PASS]
container_14450874914...         8090        4696     41.95         2         2        3.86     11.17  [PASS]
container_14450874914...         6647        4256     35.97         2         1        3.17     11.17  [PASS]
container_14450874914...         8089        4704     41.85         2         1        3.86     11.17  [PASS]
container_14450874914...         8089        4738     41.43         2         2        3.86     11.17  [PASS]
container_14450874914...         8707        5088     41.56         2         2        4.15     11.17  [PASS]
container_14450874914...        87925       22196     74.76        15        15        5.59     11.17  [PASS]
container_14450874914...        14446        7333     49.24         7        10        1.97     11.17  [PASS]
container_14450874914...       253555       50358     80.14        25        25        9.67     11.17  [PASS]
container_14450874914...         8089        4641     42.63         2        15        3.86     11.17  [PASS]
container_14450874914...         8089        4800     40.66         2         1        3.86     11.17  [PASS]
container_14450874914...         8090        4818     40.44         2         2        3.86     11.17  [PASS]
container_14450874914...         8081        4799     40.61         2         2        3.85     11.17  [PASS]
container_14450874914...         8089        4840     40.17         1         1        7.71     11.17  [PASS]
container_14450874914...         8089        4804     40.61         2         1        3.86     11.17  [PASS]
container_14450874914...         8089        4894     39.50         2         1        3.86     11.17  [PASS]
container_14450874914...         8089        4784     40.86         2         2        3.86     11.17  [PASS]
container_14450874914...         8088        4931     39.03         2         2        3.86     11.17  [PASS]
container_14450874914...         6647        4222     36.48         2         1        3.17     11.17  [PASS]
container_14450874914...        26417       11314     57.17         4        11        6.30     11.17  [PASS]
container_14450874914...         5664        3818     32.59         8         2        0.68     11.17  [PASS]
container_14450874914...        69999       19941     71.51         8        14        8.34     11.17  [PASS]
container_14450874914...        14147        7329     48.19         8         2        1.69     11.17  [PASS]
openstack_abnormal.log        5436122     1318351     75.75       514       285       10.09     57.95  [PASS]
openstack_normal1.log        15499595     3737067     75.89      1470       763       10.06    177.93  [PASS]
openstack_normal2.log        40506365     9305625     77.03      3665      1964       10.54    391.67  [PASS]
===================================================================================================================
Tong cong: 100/100 file hoan thanh.
